2
64
((64, 64) (79, 79) (0,0)) 
((80, 64) (95, 79) (0,0)) 
((96, 64) (111, 79) (0,0)) 
((112, 64) (127, 79) (0,0)) 
((128, 64) (143, 79) (0,0)) 
((144, 64) (159, 79) (0,0)) 
((160, 64) (175, 79) (0,0)) 
((176, 64) (191, 79) (0,0)) 
((64, 80) (79, 95) (0,0)) 
((80, 80) (95, 95) (0,0)) 
((96, 80) (111, 95) (0,0)) 
((112, 80) (127, 95) (0,0)) 
((128, 80) (143, 95) (0,0)) 
((144, 80) (159, 95) (0,0)) 
((160, 80) (175, 95) (0,0)) 
((176, 80) (191, 95) (0,0)) 
((64, 96) (79, 111) (0,0)) 
((80, 96) (95, 111) (0,0)) 
((96, 96) (111, 111) (0,0)) 
((112, 96) (127, 111) (0,0)) 
((128, 96) (143, 111) (0,0)) 
((144, 96) (159, 111) (0,0)) 
((160, 96) (175, 111) (0,0)) 
((176, 96) (191, 111) (0,0)) 
((64, 112) (79, 127) (0,0)) 
((80, 112) (95, 127) (0,0)) 
((96, 112) (111, 127) (0,0)) 
((112, 112) (127, 127) (0,0)) 
((128, 112) (143, 127) (0,0)) 
((144, 112) (159, 127) (0,0)) 
((160, 112) (175, 127) (0,0)) 
((176, 112) (191, 127) (0,0)) 
((64, 128) (79, 143) (0,0)) 
((80, 128) (95, 143) (0,0)) 
((96, 128) (111, 143) (0,0)) 
((112, 128) (127, 143) (0,0)) 
((128, 128) (143, 143) (0,0)) 
((144, 128) (159, 143) (0,0)) 
((160, 128) (175, 143) (0,0)) 
((176, 128) (191, 143) (0,0)) 
((64, 144) (79, 159) (0,0)) 
((80, 144) (95, 159) (0,0)) 
((96, 144) (111, 159) (0,0)) 
((112, 144) (127, 159) (0,0)) 
((128, 144) (143, 159) (0,0)) 
((144, 144) (159, 159) (0,0)) 
((160, 144) (175, 159) (0,0)) 
((176, 144) (191, 159) (0,0)) 
((64, 160) (79, 175) (0,0)) 
((80, 160) (95, 175) (0,0)) 
((96, 160) (111, 175) (0,0)) 
((112, 160) (127, 175) (0,0)) 
((128, 160) (143, 175) (0,0)) 
((144, 160) (159, 175) (0,0)) 
((160, 160) (175, 175) (0,0)) 
((176, 160) (191, 175) (0,0)) 
((64, 176) (79, 191) (0,0)) 
((80, 176) (95, 191) (0,0)) 
((96, 176) (111, 191) (0,0)) 
((112, 176) (127, 191) (0,0)) 
((128, 176) (143, 191) (0,0)) 
((144, 176) (159, 191) (0,0)) 
((160, 176) (175, 191) (0,0)) 
((176, 176) (191, 191) (0,0)) 
