2
64
((32, 32) (39, 39) (0,0)) 
((40, 32) (47, 39) (0,0)) 
((48, 32) (55, 39) (0,0)) 
((56, 32) (63, 39) (0,0)) 
((64, 32) (71, 39) (0,0)) 
((72, 32) (79, 39) (0,0)) 
((80, 32) (87, 39) (0,0)) 
((88, 32) (95, 39) (0,0)) 
((32, 40) (39, 47) (0,0)) 
((40, 40) (47, 47) (0,0)) 
((48, 40) (55, 47) (0,0)) 
((56, 40) (63, 47) (0,0)) 
((64, 40) (71, 47) (0,0)) 
((72, 40) (79, 47) (0,0)) 
((80, 40) (87, 47) (0,0)) 
((88, 40) (95, 47) (0,0)) 
((32, 48) (39, 55) (0,0)) 
((40, 48) (47, 55) (0,0)) 
((48, 48) (55, 55) (0,0)) 
((56, 48) (63, 55) (0,0)) 
((64, 48) (71, 55) (0,0)) 
((72, 48) (79, 55) (0,0)) 
((80, 48) (87, 55) (0,0)) 
((88, 48) (95, 55) (0,0)) 
((32, 56) (39, 63) (0,0)) 
((40, 56) (47, 63) (0,0)) 
((48, 56) (55, 63) (0,0)) 
((56, 56) (63, 63) (0,0)) 
((64, 56) (71, 63) (0,0)) 
((72, 56) (79, 63) (0,0)) 
((80, 56) (87, 63) (0,0)) 
((88, 56) (95, 63) (0,0)) 
((32, 64) (39, 71) (0,0)) 
((40, 64) (47, 71) (0,0)) 
((48, 64) (55, 71) (0,0)) 
((56, 64) (63, 71) (0,0)) 
((64, 64) (71, 71) (0,0)) 
((72, 64) (79, 71) (0,0)) 
((80, 64) (87, 71) (0,0)) 
((88, 64) (95, 71) (0,0)) 
((32, 72) (39, 79) (0,0)) 
((40, 72) (47, 79) (0,0)) 
((48, 72) (55, 79) (0,0)) 
((56, 72) (63, 79) (0,0)) 
((64, 72) (71, 79) (0,0)) 
((72, 72) (79, 79) (0,0)) 
((80, 72) (87, 79) (0,0)) 
((88, 72) (95, 79) (0,0)) 
((32, 80) (39, 87) (0,0)) 
((40, 80) (47, 87) (0,0)) 
((48, 80) (55, 87) (0,0)) 
((56, 80) (63, 87) (0,0)) 
((64, 80) (71, 87) (0,0)) 
((72, 80) (79, 87) (0,0)) 
((80, 80) (87, 87) (0,0)) 
((88, 80) (95, 87) (0,0)) 
((32, 88) (39, 95) (0,0)) 
((40, 88) (47, 95) (0,0)) 
((48, 88) (55, 95) (0,0)) 
((56, 88) (63, 95) (0,0)) 
((64, 88) (71, 95) (0,0)) 
((72, 88) (79, 95) (0,0)) 
((80, 88) (87, 95) (0,0)) 
((88, 88) (95, 95) (0,0)) 
