  0: ((32,110) (63,127) (0,0))
  1: ((48,100) (63,109) (0,0))
  2: ((60,96) (63,99) (0,0))
  3: ((62,94) (63,95) (0,0))
  4: ((60,94) (61,95) (0,0))
  5: ((56,96) (59,99) (0,0))
  6: ((58,94) (59,95) (0,0))
  7: ((56,94) (57,95) (0,0))
  8: ((52,96) (55,99) (0,0))
  9: ((54,94) (55,95) (0,0))
  10: ((52,94) (53,95) (0,0))
  11: ((48,96) (51,99) (0,0))
  12: ((50,94) (51,95) (0,0))
  13: ((48,94) (49,95) (0,0))
  14: ((32,100) (47,109) (0,0))
  15: ((44,96) (47,99) (0,0))
  16: ((46,94) (47,95) (0,0))
  17: ((44,94) (45,95) (0,0))
  18: ((40,96) (43,99) (0,0))
  19: ((42,94) (43,95) (0,0))
  20: ((40,94) (41,95) (0,0))
  21: ((36,96) (39,99) (0,0))
  22: ((38,94) (39,95) (0,0))
  23: ((36,94) (37,95) (0,0))
  24: ((32,96) (35,99) (0,0))
  25: ((34,94) (35,95) (0,0))
  26: ((32,94) (33,95) (0,0))
  27: ((0,110) (31,127) (0,0))
  28: ((16,100) (31,109) (0,0))
  29: ((28,96) (31,99) (0,0))
  30: ((30,94) (31,95) (0,0))
  31: ((28,94) (29,95) (0,0))
  32: ((24,96) (27,99) (0,0))
  33: ((26,94) (27,95) (0,0))
  34: ((24,94) (25,95) (0,0))
  35: ((20,96) (23,99) (0,0))
  36: ((22,94) (23,95) (0,0))
  37: ((20,94) (21,95) (0,0))
  38: ((16,96) (19,99) (0,0))
  39: ((18,94) (19,95) (0,0))
  40: ((16,94) (17,95) (0,0))
  41: ((0,100) (15,109) (0,0))
  42: ((12,96) (15,99) (0,0))
  43: ((14,94) (15,95) (0,0))
  44: ((12,94) (13,95) (0,0))
  45: ((8,96) (11,99) (0,0))
  46: ((10,94) (11,95) (0,0))
  47: ((8,94) (9,95) (0,0))
  48: ((4,96) (7,99) (0,0))
  49: ((6,94) (7,95) (0,0))
  50: ((4,94) (5,95) (0,0))
  51: ((0,96) (3,99) (0,0))
  52: ((2,94) (3,95) (0,0))
  53: ((0,94) (1,95) (0,0))