((0,42) (1,43) (0,0))
((2,42) (3,43) (0,0))
((0,44) (3,47) (0,0))
((4,42) (5,43) (0,0))
((6,42) (7,43) (0,0))
((4,44) (7,47) (0,0))
((8,42) (9,43) (0,0))
((10,42) (11,43) (0,0))
((8,44) (11,47) (0,0))
((12,42) (13,43) (0,0))
((14,42) (15,43) (0,0))
((12,44) (15,47) (0,0))
((0,48) (7,55) (0,0))
((0,56) (7,63) (0,0))
((8,48) (15,55) (0,0))
((8,56) (15,63) (0,0))
((16,42) (17,43) (0,0))
((18,42) (19,43) (0,0))
((16,44) (19,47) (0,0))
((20,42) (21,43) (0,0))
((22,42) (23,43) (0,0))
((20,44) (23,47) (0,0))
((24,42) (25,43) (0,0))
((26,42) (27,43) (0,0))
((24,44) (27,47) (0,0))
((28,42) (29,43) (0,0))
((30,42) (31,43) (0,0))
((28,44) (31,47) (0,0))
((16,48) (23,55) (0,0))
((16,56) (23,63) (0,0))
((24,48) (31,55) (0,0))
((24,56) (31,63) (0,0))