2
64
((0, 0) (15, 15) (0,0)) 
((16, 0) (31, 15) (0,0)) 
((32, 0) (47, 15) (0,0)) 
((48, 0) (63, 15) (0,0)) 
((64, 0) (79, 15) (0,0)) 
((80, 0) (95, 15) (0,0)) 
((96, 0) (111, 15) (0,0)) 
((112, 0) (127, 15) (0,0)) 
((0, 16) (15, 31) (0,0)) 
((16, 16) (31, 31) (0,0)) 
((32, 16) (47, 31) (0,0)) 
((48, 16) (63, 31) (0,0)) 
((64, 16) (79, 31) (0,0)) 
((80, 16) (95, 31) (0,0)) 
((96, 16) (111, 31) (0,0)) 
((112, 16) (127, 31) (0,0)) 
((0, 32) (15, 47) (0,0)) 
((16, 32) (31, 47) (0,0)) 
((32, 32) (47, 47) (0,0)) 
((48, 32) (63, 47) (0,0)) 
((64, 32) (79, 47) (0,0)) 
((80, 32) (95, 47) (0,0)) 
((96, 32) (111, 47) (0,0)) 
((112, 32) (127, 47) (0,0)) 
((0, 48) (15, 63) (0,0)) 
((16, 48) (31, 63) (0,0)) 
((32, 48) (47, 63) (0,0)) 
((48, 48) (63, 63) (0,0)) 
((64, 48) (79, 63) (0,0)) 
((80, 48) (95, 63) (0,0)) 
((96, 48) (111, 63) (0,0)) 
((112, 48) (127, 63) (0,0)) 
((0, 64) (15, 79) (0,0)) 
((16, 64) (31, 79) (0,0)) 
((32, 64) (47, 79) (0,0)) 
((48, 64) (63, 79) (0,0)) 
((64, 64) (79, 79) (0,0)) 
((80, 64) (95, 79) (0,0)) 
((96, 64) (111, 79) (0,0)) 
((112, 64) (127, 79) (0,0)) 
((0, 80) (15, 95) (0,0)) 
((16, 80) (31, 95) (0,0)) 
((32, 80) (47, 95) (0,0)) 
((48, 80) (63, 95) (0,0)) 
((64, 80) (79, 95) (0,0)) 
((80, 80) (95, 95) (0,0)) 
((96, 80) (111, 95) (0,0)) 
((112, 80) (127, 95) (0,0)) 
((0, 96) (15, 111) (0,0)) 
((16, 96) (31, 111) (0,0)) 
((32, 96) (47, 111) (0,0)) 
((48, 96) (63, 111) (0,0)) 
((64, 96) (79, 111) (0,0)) 
((80, 96) (95, 111) (0,0)) 
((96, 96) (111, 111) (0,0)) 
((112, 96) (127, 111) (0,0)) 
((0, 112) (15, 127) (0,0)) 
((16, 112) (31, 127) (0,0)) 
((32, 112) (47, 127) (0,0)) 
((48, 112) (63, 127) (0,0)) 
((64, 112) (79, 127) (0,0)) 
((80, 112) (95, 127) (0,0)) 
((96, 112) (111, 127) (0,0)) 
((112, 112) (127, 127) (0,0)) 
256
((192, 192) (207, 207) (0,0)) 
((208, 192) (223, 207) (0,0)) 
((224, 192) (239, 207) (0,0)) 
((240, 192) (255, 207) (0,0)) 
((256, 192) (271, 207) (0,0)) 
((272, 192) (287, 207) (0,0)) 
((288, 192) (303, 207) (0,0)) 
((304, 192) (319, 207) (0,0)) 
((320, 192) (335, 207) (0,0)) 
((336, 192) (351, 207) (0,0)) 
((352, 192) (367, 207) (0,0)) 
((368, 192) (383, 207) (0,0)) 
((384, 192) (399, 207) (0,0)) 
((400, 192) (415, 207) (0,0)) 
((416, 192) (431, 207) (0,0)) 
((432, 192) (447, 207) (0,0)) 
((192, 208) (207, 223) (0,0)) 
((208, 208) (223, 223) (0,0)) 
((224, 208) (239, 223) (0,0)) 
((240, 208) (255, 223) (0,0)) 
((256, 208) (271, 223) (0,0)) 
((272, 208) (287, 223) (0,0)) 
((288, 208) (303, 223) (0,0)) 
((304, 208) (319, 223) (0,0)) 
((320, 208) (335, 223) (0,0)) 
((336, 208) (351, 223) (0,0)) 
((352, 208) (367, 223) (0,0)) 
((368, 208) (383, 223) (0,0)) 
((384, 208) (399, 223) (0,0)) 
((400, 208) (415, 223) (0,0)) 
((416, 208) (431, 223) (0,0)) 
((432, 208) (447, 223) (0,0)) 
((192, 224) (207, 239) (0,0)) 
((208, 224) (223, 239) (0,0)) 
((224, 224) (239, 239) (0,0)) 
((240, 224) (255, 239) (0,0)) 
((256, 224) (271, 239) (0,0)) 
((272, 224) (287, 239) (0,0)) 
((288, 224) (303, 239) (0,0)) 
((304, 224) (319, 239) (0,0)) 
((320, 224) (335, 239) (0,0)) 
((336, 224) (351, 239) (0,0)) 
((352, 224) (367, 239) (0,0)) 
((368, 224) (383, 239) (0,0)) 
((384, 224) (399, 239) (0,0)) 
((400, 224) (415, 239) (0,0)) 
((416, 224) (431, 239) (0,0)) 
((432, 224) (447, 239) (0,0)) 
((192, 240) (207, 255) (0,0)) 
((208, 240) (223, 255) (0,0)) 
((224, 240) (239, 255) (0,0)) 
((240, 240) (255, 255) (0,0)) 
((256, 240) (271, 255) (0,0)) 
((272, 240) (287, 255) (0,0)) 
((288, 240) (303, 255) (0,0)) 
((304, 240) (319, 255) (0,0)) 
((320, 240) (335, 255) (0,0)) 
((336, 240) (351, 255) (0,0)) 
((352, 240) (367, 255) (0,0)) 
((368, 240) (383, 255) (0,0)) 
((384, 240) (399, 255) (0,0)) 
((400, 240) (415, 255) (0,0)) 
((416, 240) (431, 255) (0,0)) 
((432, 240) (447, 255) (0,0)) 
((192, 256) (207, 271) (0,0)) 
((208, 256) (223, 271) (0,0)) 
((224, 256) (239, 271) (0,0)) 
((240, 256) (255, 271) (0,0)) 
((256, 256) (271, 271) (0,0)) 
((272, 256) (287, 271) (0,0)) 
((288, 256) (303, 271) (0,0)) 
((304, 256) (319, 271) (0,0)) 
((320, 256) (335, 271) (0,0)) 
((336, 256) (351, 271) (0,0)) 
((352, 256) (367, 271) (0,0)) 
((368, 256) (383, 271) (0,0)) 
((384, 256) (399, 271) (0,0)) 
((400, 256) (415, 271) (0,0)) 
((416, 256) (431, 271) (0,0)) 
((432, 256) (447, 271) (0,0)) 
((192, 272) (207, 287) (0,0)) 
((208, 272) (223, 287) (0,0)) 
((224, 272) (239, 287) (0,0)) 
((240, 272) (255, 287) (0,0)) 
((256, 272) (271, 287) (0,0)) 
((272, 272) (287, 287) (0,0)) 
((288, 272) (303, 287) (0,0)) 
((304, 272) (319, 287) (0,0)) 
((320, 272) (335, 287) (0,0)) 
((336, 272) (351, 287) (0,0)) 
((352, 272) (367, 287) (0,0)) 
((368, 272) (383, 287) (0,0)) 
((384, 272) (399, 287) (0,0)) 
((400, 272) (415, 287) (0,0)) 
((416, 272) (431, 287) (0,0)) 
((432, 272) (447, 287) (0,0)) 
((192, 288) (207, 303) (0,0)) 
((208, 288) (223, 303) (0,0)) 
((224, 288) (239, 303) (0,0)) 
((240, 288) (255, 303) (0,0)) 
((256, 288) (271, 303) (0,0)) 
((272, 288) (287, 303) (0,0)) 
((288, 288) (303, 303) (0,0)) 
((304, 288) (319, 303) (0,0)) 
((320, 288) (335, 303) (0,0)) 
((336, 288) (351, 303) (0,0)) 
((352, 288) (367, 303) (0,0)) 
((368, 288) (383, 303) (0,0)) 
((384, 288) (399, 303) (0,0)) 
((400, 288) (415, 303) (0,0)) 
((416, 288) (431, 303) (0,0)) 
((432, 288) (447, 303) (0,0)) 
((192, 304) (207, 319) (0,0)) 
((208, 304) (223, 319) (0,0)) 
((224, 304) (239, 319) (0,0)) 
((240, 304) (255, 319) (0,0)) 
((256, 304) (271, 319) (0,0)) 
((272, 304) (287, 319) (0,0)) 
((288, 304) (303, 319) (0,0)) 
((304, 304) (319, 319) (0,0)) 
((320, 304) (335, 319) (0,0)) 
((336, 304) (351, 319) (0,0)) 
((352, 304) (367, 319) (0,0)) 
((368, 304) (383, 319) (0,0)) 
((384, 304) (399, 319) (0,0)) 
((400, 304) (415, 319) (0,0)) 
((416, 304) (431, 319) (0,0)) 
((432, 304) (447, 319) (0,0)) 
((192, 320) (207, 335) (0,0)) 
((208, 320) (223, 335) (0,0)) 
((224, 320) (239, 335) (0,0)) 
((240, 320) (255, 335) (0,0)) 
((256, 320) (271, 335) (0,0)) 
((272, 320) (287, 335) (0,0)) 
((288, 320) (303, 335) (0,0)) 
((304, 320) (319, 335) (0,0)) 
((320, 320) (335, 335) (0,0)) 
((336, 320) (351, 335) (0,0)) 
((352, 320) (367, 335) (0,0)) 
((368, 320) (383, 335) (0,0)) 
((384, 320) (399, 335) (0,0)) 
((400, 320) (415, 335) (0,0)) 
((416, 320) (431, 335) (0,0)) 
((432, 320) (447, 335) (0,0)) 
((192, 336) (207, 351) (0,0)) 
((208, 336) (223, 351) (0,0)) 
((224, 336) (239, 351) (0,0)) 
((240, 336) (255, 351) (0,0)) 
((256, 336) (271, 351) (0,0)) 
((272, 336) (287, 351) (0,0)) 
((288, 336) (303, 351) (0,0)) 
((304, 336) (319, 351) (0,0)) 
((320, 336) (335, 351) (0,0)) 
((336, 336) (351, 351) (0,0)) 
((352, 336) (367, 351) (0,0)) 
((368, 336) (383, 351) (0,0)) 
((384, 336) (399, 351) (0,0)) 
((400, 336) (415, 351) (0,0)) 
((416, 336) (431, 351) (0,0)) 
((432, 336) (447, 351) (0,0)) 
((192, 352) (207, 367) (0,0)) 
((208, 352) (223, 367) (0,0)) 
((224, 352) (239, 367) (0,0)) 
((240, 352) (255, 367) (0,0)) 
((256, 352) (271, 367) (0,0)) 
((272, 352) (287, 367) (0,0)) 
((288, 352) (303, 367) (0,0)) 
((304, 352) (319, 367) (0,0)) 
((320, 352) (335, 367) (0,0)) 
((336, 352) (351, 367) (0,0)) 
((352, 352) (367, 367) (0,0)) 
((368, 352) (383, 367) (0,0)) 
((384, 352) (399, 367) (0,0)) 
((400, 352) (415, 367) (0,0)) 
((416, 352) (431, 367) (0,0)) 
((432, 352) (447, 367) (0,0)) 
((192, 368) (207, 383) (0,0)) 
((208, 368) (223, 383) (0,0)) 
((224, 368) (239, 383) (0,0)) 
((240, 368) (255, 383) (0,0)) 
((256, 368) (271, 383) (0,0)) 
((272, 368) (287, 383) (0,0)) 
((288, 368) (303, 383) (0,0)) 
((304, 368) (319, 383) (0,0)) 
((320, 368) (335, 383) (0,0)) 
((336, 368) (351, 383) (0,0)) 
((352, 368) (367, 383) (0,0)) 
((368, 368) (383, 383) (0,0)) 
((384, 368) (399, 383) (0,0)) 
((400, 368) (415, 383) (0,0)) 
((416, 368) (431, 383) (0,0)) 
((432, 368) (447, 383) (0,0)) 
((192, 384) (207, 399) (0,0)) 
((208, 384) (223, 399) (0,0)) 
((224, 384) (239, 399) (0,0)) 
((240, 384) (255, 399) (0,0)) 
((256, 384) (271, 399) (0,0)) 
((272, 384) (287, 399) (0,0)) 
((288, 384) (303, 399) (0,0)) 
((304, 384) (319, 399) (0,0)) 
((320, 384) (335, 399) (0,0)) 
((336, 384) (351, 399) (0,0)) 
((352, 384) (367, 399) (0,0)) 
((368, 384) (383, 399) (0,0)) 
((384, 384) (399, 399) (0,0)) 
((400, 384) (415, 399) (0,0)) 
((416, 384) (431, 399) (0,0)) 
((432, 384) (447, 399) (0,0)) 
((192, 400) (207, 415) (0,0)) 
((208, 400) (223, 415) (0,0)) 
((224, 400) (239, 415) (0,0)) 
((240, 400) (255, 415) (0,0)) 
((256, 400) (271, 415) (0,0)) 
((272, 400) (287, 415) (0,0)) 
((288, 400) (303, 415) (0,0)) 
((304, 400) (319, 415) (0,0)) 
((320, 400) (335, 415) (0,0)) 
((336, 400) (351, 415) (0,0)) 
((352, 400) (367, 415) (0,0)) 
((368, 400) (383, 415) (0,0)) 
((384, 400) (399, 415) (0,0)) 
((400, 400) (415, 415) (0,0)) 
((416, 400) (431, 415) (0,0)) 
((432, 400) (447, 415) (0,0)) 
((192, 416) (207, 431) (0,0)) 
((208, 416) (223, 431) (0,0)) 
((224, 416) (239, 431) (0,0)) 
((240, 416) (255, 431) (0,0)) 
((256, 416) (271, 431) (0,0)) 
((272, 416) (287, 431) (0,0)) 
((288, 416) (303, 431) (0,0)) 
((304, 416) (319, 431) (0,0)) 
((320, 416) (335, 431) (0,0)) 
((336, 416) (351, 431) (0,0)) 
((352, 416) (367, 431) (0,0)) 
((368, 416) (383, 431) (0,0)) 
((384, 416) (399, 431) (0,0)) 
((400, 416) (415, 431) (0,0)) 
((416, 416) (431, 431) (0,0)) 
((432, 416) (447, 431) (0,0)) 
((192, 432) (207, 447) (0,0)) 
((208, 432) (223, 447) (0,0)) 
((224, 432) (239, 447) (0,0)) 
((240, 432) (255, 447) (0,0)) 
((256, 432) (271, 447) (0,0)) 
((272, 432) (287, 447) (0,0)) 
((288, 432) (303, 447) (0,0)) 
((304, 432) (319, 447) (0,0)) 
((320, 432) (335, 447) (0,0)) 
((336, 432) (351, 447) (0,0)) 
((352, 432) (367, 447) (0,0)) 
((368, 432) (383, 447) (0,0)) 
((384, 432) (399, 447) (0,0)) 
((400, 432) (415, 447) (0,0)) 
((416, 432) (431, 447) (0,0)) 
((432, 432) (447, 447) (0,0)) 
