2
256
((64, 64) (71, 71) (0,0)) 
((72, 64) (79, 71) (0,0)) 
((80, 64) (87, 71) (0,0)) 
((88, 64) (95, 71) (0,0)) 
((96, 64) (103, 71) (0,0)) 
((104, 64) (111, 71) (0,0)) 
((112, 64) (119, 71) (0,0)) 
((120, 64) (127, 71) (0,0)) 
((128, 64) (135, 71) (0,0)) 
((136, 64) (143, 71) (0,0)) 
((144, 64) (151, 71) (0,0)) 
((152, 64) (159, 71) (0,0)) 
((160, 64) (167, 71) (0,0)) 
((168, 64) (175, 71) (0,0)) 
((176, 64) (183, 71) (0,0)) 
((184, 64) (191, 71) (0,0)) 
((64, 72) (71, 79) (0,0)) 
((72, 72) (79, 79) (0,0)) 
((80, 72) (87, 79) (0,0)) 
((88, 72) (95, 79) (0,0)) 
((96, 72) (103, 79) (0,0)) 
((104, 72) (111, 79) (0,0)) 
((112, 72) (119, 79) (0,0)) 
((120, 72) (127, 79) (0,0)) 
((128, 72) (135, 79) (0,0)) 
((136, 72) (143, 79) (0,0)) 
((144, 72) (151, 79) (0,0)) 
((152, 72) (159, 79) (0,0)) 
((160, 72) (167, 79) (0,0)) 
((168, 72) (175, 79) (0,0)) 
((176, 72) (183, 79) (0,0)) 
((184, 72) (191, 79) (0,0)) 
((64, 80) (71, 87) (0,0)) 
((72, 80) (79, 87) (0,0)) 
((80, 80) (87, 87) (0,0)) 
((88, 80) (95, 87) (0,0)) 
((96, 80) (103, 87) (0,0)) 
((104, 80) (111, 87) (0,0)) 
((112, 80) (119, 87) (0,0)) 
((120, 80) (127, 87) (0,0)) 
((128, 80) (135, 87) (0,0)) 
((136, 80) (143, 87) (0,0)) 
((144, 80) (151, 87) (0,0)) 
((152, 80) (159, 87) (0,0)) 
((160, 80) (167, 87) (0,0)) 
((168, 80) (175, 87) (0,0)) 
((176, 80) (183, 87) (0,0)) 
((184, 80) (191, 87) (0,0)) 
((64, 88) (71, 95) (0,0)) 
((72, 88) (79, 95) (0,0)) 
((80, 88) (87, 95) (0,0)) 
((88, 88) (95, 95) (0,0)) 
((96, 88) (103, 95) (0,0)) 
((104, 88) (111, 95) (0,0)) 
((112, 88) (119, 95) (0,0)) 
((120, 88) (127, 95) (0,0)) 
((128, 88) (135, 95) (0,0)) 
((136, 88) (143, 95) (0,0)) 
((144, 88) (151, 95) (0,0)) 
((152, 88) (159, 95) (0,0)) 
((160, 88) (167, 95) (0,0)) 
((168, 88) (175, 95) (0,0)) 
((176, 88) (183, 95) (0,0)) 
((184, 88) (191, 95) (0,0)) 
((64, 96) (71, 103) (0,0)) 
((72, 96) (79, 103) (0,0)) 
((80, 96) (87, 103) (0,0)) 
((88, 96) (95, 103) (0,0)) 
((96, 96) (103, 103) (0,0)) 
((104, 96) (111, 103) (0,0)) 
((112, 96) (119, 103) (0,0)) 
((120, 96) (127, 103) (0,0)) 
((128, 96) (135, 103) (0,0)) 
((136, 96) (143, 103) (0,0)) 
((144, 96) (151, 103) (0,0)) 
((152, 96) (159, 103) (0,0)) 
((160, 96) (167, 103) (0,0)) 
((168, 96) (175, 103) (0,0)) 
((176, 96) (183, 103) (0,0)) 
((184, 96) (191, 103) (0,0)) 
((64, 104) (71, 111) (0,0)) 
((72, 104) (79, 111) (0,0)) 
((80, 104) (87, 111) (0,0)) 
((88, 104) (95, 111) (0,0)) 
((96, 104) (103, 111) (0,0)) 
((104, 104) (111, 111) (0,0)) 
((112, 104) (119, 111) (0,0)) 
((120, 104) (127, 111) (0,0)) 
((128, 104) (135, 111) (0,0)) 
((136, 104) (143, 111) (0,0)) 
((144, 104) (151, 111) (0,0)) 
((152, 104) (159, 111) (0,0)) 
((160, 104) (167, 111) (0,0)) 
((168, 104) (175, 111) (0,0)) 
((176, 104) (183, 111) (0,0)) 
((184, 104) (191, 111) (0,0)) 
((64, 112) (71, 119) (0,0)) 
((72, 112) (79, 119) (0,0)) 
((80, 112) (87, 119) (0,0)) 
((88, 112) (95, 119) (0,0)) 
((96, 112) (103, 119) (0,0)) 
((104, 112) (111, 119) (0,0)) 
((112, 112) (119, 119) (0,0)) 
((120, 112) (127, 119) (0,0)) 
((128, 112) (135, 119) (0,0)) 
((136, 112) (143, 119) (0,0)) 
((144, 112) (151, 119) (0,0)) 
((152, 112) (159, 119) (0,0)) 
((160, 112) (167, 119) (0,0)) 
((168, 112) (175, 119) (0,0)) 
((176, 112) (183, 119) (0,0)) 
((184, 112) (191, 119) (0,0)) 
((64, 120) (71, 127) (0,0)) 
((72, 120) (79, 127) (0,0)) 
((80, 120) (87, 127) (0,0)) 
((88, 120) (95, 127) (0,0)) 
((96, 120) (103, 127) (0,0)) 
((104, 120) (111, 127) (0,0)) 
((112, 120) (119, 127) (0,0)) 
((120, 120) (127, 127) (0,0)) 
((128, 120) (135, 127) (0,0)) 
((136, 120) (143, 127) (0,0)) 
((144, 120) (151, 127) (0,0)) 
((152, 120) (159, 127) (0,0)) 
((160, 120) (167, 127) (0,0)) 
((168, 120) (175, 127) (0,0)) 
((176, 120) (183, 127) (0,0)) 
((184, 120) (191, 127) (0,0)) 
((64, 128) (71, 135) (0,0)) 
((72, 128) (79, 135) (0,0)) 
((80, 128) (87, 135) (0,0)) 
((88, 128) (95, 135) (0,0)) 
((96, 128) (103, 135) (0,0)) 
((104, 128) (111, 135) (0,0)) 
((112, 128) (119, 135) (0,0)) 
((120, 128) (127, 135) (0,0)) 
((128, 128) (135, 135) (0,0)) 
((136, 128) (143, 135) (0,0)) 
((144, 128) (151, 135) (0,0)) 
((152, 128) (159, 135) (0,0)) 
((160, 128) (167, 135) (0,0)) 
((168, 128) (175, 135) (0,0)) 
((176, 128) (183, 135) (0,0)) 
((184, 128) (191, 135) (0,0)) 
((64, 136) (71, 143) (0,0)) 
((72, 136) (79, 143) (0,0)) 
((80, 136) (87, 143) (0,0)) 
((88, 136) (95, 143) (0,0)) 
((96, 136) (103, 143) (0,0)) 
((104, 136) (111, 143) (0,0)) 
((112, 136) (119, 143) (0,0)) 
((120, 136) (127, 143) (0,0)) 
((128, 136) (135, 143) (0,0)) 
((136, 136) (143, 143) (0,0)) 
((144, 136) (151, 143) (0,0)) 
((152, 136) (159, 143) (0,0)) 
((160, 136) (167, 143) (0,0)) 
((168, 136) (175, 143) (0,0)) 
((176, 136) (183, 143) (0,0)) 
((184, 136) (191, 143) (0,0)) 
((64, 144) (71, 151) (0,0)) 
((72, 144) (79, 151) (0,0)) 
((80, 144) (87, 151) (0,0)) 
((88, 144) (95, 151) (0,0)) 
((96, 144) (103, 151) (0,0)) 
((104, 144) (111, 151) (0,0)) 
((112, 144) (119, 151) (0,0)) 
((120, 144) (127, 151) (0,0)) 
((128, 144) (135, 151) (0,0)) 
((136, 144) (143, 151) (0,0)) 
((144, 144) (151, 151) (0,0)) 
((152, 144) (159, 151) (0,0)) 
((160, 144) (167, 151) (0,0)) 
((168, 144) (175, 151) (0,0)) 
((176, 144) (183, 151) (0,0)) 
((184, 144) (191, 151) (0,0)) 
((64, 152) (71, 159) (0,0)) 
((72, 152) (79, 159) (0,0)) 
((80, 152) (87, 159) (0,0)) 
((88, 152) (95, 159) (0,0)) 
((96, 152) (103, 159) (0,0)) 
((104, 152) (111, 159) (0,0)) 
((112, 152) (119, 159) (0,0)) 
((120, 152) (127, 159) (0,0)) 
((128, 152) (135, 159) (0,0)) 
((136, 152) (143, 159) (0,0)) 
((144, 152) (151, 159) (0,0)) 
((152, 152) (159, 159) (0,0)) 
((160, 152) (167, 159) (0,0)) 
((168, 152) (175, 159) (0,0)) 
((176, 152) (183, 159) (0,0)) 
((184, 152) (191, 159) (0,0)) 
((64, 160) (71, 167) (0,0)) 
((72, 160) (79, 167) (0,0)) 
((80, 160) (87, 167) (0,0)) 
((88, 160) (95, 167) (0,0)) 
((96, 160) (103, 167) (0,0)) 
((104, 160) (111, 167) (0,0)) 
((112, 160) (119, 167) (0,0)) 
((120, 160) (127, 167) (0,0)) 
((128, 160) (135, 167) (0,0)) 
((136, 160) (143, 167) (0,0)) 
((144, 160) (151, 167) (0,0)) 
((152, 160) (159, 167) (0,0)) 
((160, 160) (167, 167) (0,0)) 
((168, 160) (175, 167) (0,0)) 
((176, 160) (183, 167) (0,0)) 
((184, 160) (191, 167) (0,0)) 
((64, 168) (71, 175) (0,0)) 
((72, 168) (79, 175) (0,0)) 
((80, 168) (87, 175) (0,0)) 
((88, 168) (95, 175) (0,0)) 
((96, 168) (103, 175) (0,0)) 
((104, 168) (111, 175) (0,0)) 
((112, 168) (119, 175) (0,0)) 
((120, 168) (127, 175) (0,0)) 
((128, 168) (135, 175) (0,0)) 
((136, 168) (143, 175) (0,0)) 
((144, 168) (151, 175) (0,0)) 
((152, 168) (159, 175) (0,0)) 
((160, 168) (167, 175) (0,0)) 
((168, 168) (175, 175) (0,0)) 
((176, 168) (183, 175) (0,0)) 
((184, 168) (191, 175) (0,0)) 
((64, 176) (71, 183) (0,0)) 
((72, 176) (79, 183) (0,0)) 
((80, 176) (87, 183) (0,0)) 
((88, 176) (95, 183) (0,0)) 
((96, 176) (103, 183) (0,0)) 
((104, 176) (111, 183) (0,0)) 
((112, 176) (119, 183) (0,0)) 
((120, 176) (127, 183) (0,0)) 
((128, 176) (135, 183) (0,0)) 
((136, 176) (143, 183) (0,0)) 
((144, 176) (151, 183) (0,0)) 
((152, 176) (159, 183) (0,0)) 
((160, 176) (167, 183) (0,0)) 
((168, 176) (175, 183) (0,0)) 
((176, 176) (183, 183) (0,0)) 
((184, 176) (191, 183) (0,0)) 
((64, 184) (71, 191) (0,0)) 
((72, 184) (79, 191) (0,0)) 
((80, 184) (87, 191) (0,0)) 
((88, 184) (95, 191) (0,0)) 
((96, 184) (103, 191) (0,0)) 
((104, 184) (111, 191) (0,0)) 
((112, 184) (119, 191) (0,0)) 
((120, 184) (127, 191) (0,0)) 
((128, 184) (135, 191) (0,0)) 
((136, 184) (143, 191) (0,0)) 
((144, 184) (151, 191) (0,0)) 
((152, 184) (159, 191) (0,0)) 
((160, 184) (167, 191) (0,0)) 
((168, 184) (175, 191) (0,0)) 
((176, 184) (183, 191) (0,0)) 
((184, 184) (191, 191) (0,0)) 
