2
16
((0, 0) (15, 15) (0,0)) 
((16, 0) (31, 15) (0,0)) 
((32, 0) (47, 15) (0,0)) 
((48, 0) (63, 15) (0,0)) 
((0, 16) (15, 31) (0,0)) 
((16, 16) (31, 31) (0,0)) 
((32, 16) (47, 31) (0,0)) 
((48, 16) (63, 31) (0,0)) 
((0, 32) (15, 47) (0,0)) 
((16, 32) (31, 47) (0,0)) 
((32, 32) (47, 47) (0,0)) 
((48, 32) (63, 47) (0,0)) 
((0, 48) (15, 63) (0,0)) 
((16, 48) (31, 63) (0,0)) 
((32, 48) (47, 63) (0,0)) 
((48, 48) (63, 63) (0,0)) 
64
((96, 96) (111, 111) (0,0)) 
((112, 96) (127, 111) (0,0)) 
((128, 96) (143, 111) (0,0)) 
((144, 96) (159, 111) (0,0)) 
((160, 96) (175, 111) (0,0)) 
((176, 96) (191, 111) (0,0)) 
((192, 96) (207, 111) (0,0)) 
((208, 96) (223, 111) (0,0)) 
((96, 112) (111, 127) (0,0)) 
((112, 112) (127, 127) (0,0)) 
((128, 112) (143, 127) (0,0)) 
((144, 112) (159, 127) (0,0)) 
((160, 112) (175, 127) (0,0)) 
((176, 112) (191, 127) (0,0)) 
((192, 112) (207, 127) (0,0)) 
((208, 112) (223, 127) (0,0)) 
((96, 128) (111, 143) (0,0)) 
((112, 128) (127, 143) (0,0)) 
((128, 128) (143, 143) (0,0)) 
((144, 128) (159, 143) (0,0)) 
((160, 128) (175, 143) (0,0)) 
((176, 128) (191, 143) (0,0)) 
((192, 128) (207, 143) (0,0)) 
((208, 128) (223, 143) (0,0)) 
((96, 144) (111, 159) (0,0)) 
((112, 144) (127, 159) (0,0)) 
((128, 144) (143, 159) (0,0)) 
((144, 144) (159, 159) (0,0)) 
((160, 144) (175, 159) (0,0)) 
((176, 144) (191, 159) (0,0)) 
((192, 144) (207, 159) (0,0)) 
((208, 144) (223, 159) (0,0)) 
((96, 160) (111, 175) (0,0)) 
((112, 160) (127, 175) (0,0)) 
((128, 160) (143, 175) (0,0)) 
((144, 160) (159, 175) (0,0)) 
((160, 160) (175, 175) (0,0)) 
((176, 160) (191, 175) (0,0)) 
((192, 160) (207, 175) (0,0)) 
((208, 160) (223, 175) (0,0)) 
((96, 176) (111, 191) (0,0)) 
((112, 176) (127, 191) (0,0)) 
((128, 176) (143, 191) (0,0)) 
((144, 176) (159, 191) (0,0)) 
((160, 176) (175, 191) (0,0)) 
((176, 176) (191, 191) (0,0)) 
((192, 176) (207, 191) (0,0)) 
((208, 176) (223, 191) (0,0)) 
((96, 192) (111, 207) (0,0)) 
((112, 192) (127, 207) (0,0)) 
((128, 192) (143, 207) (0,0)) 
((144, 192) (159, 207) (0,0)) 
((160, 192) (175, 207) (0,0)) 
((176, 192) (191, 207) (0,0)) 
((192, 192) (207, 207) (0,0)) 
((208, 192) (223, 207) (0,0)) 
((96, 208) (111, 223) (0,0)) 
((112, 208) (127, 223) (0,0)) 
((128, 208) (143, 223) (0,0)) 
((144, 208) (159, 223) (0,0)) 
((160, 208) (175, 223) (0,0)) 
((176, 208) (191, 223) (0,0)) 
((192, 208) (207, 223) (0,0)) 
((208, 208) (223, 223) (0,0)) 
