2
4
((0, 0) (15, 15) (0,0)) 
((16, 0) (31, 15) (0,0)) 
((0, 16) (15, 31) (0,0)) 
((16, 16) (31, 31) (0,0)) 
16
((48, 48) (63, 63) (0,0)) 
((64, 48) (79, 63) (0,0)) 
((80, 48) (95, 63) (0,0)) 
((96, 48) (111, 63) (0,0)) 
((48, 64) (63, 79) (0,0)) 
((64, 64) (79, 79) (0,0)) 
((80, 64) (95, 79) (0,0)) 
((96, 64) (111, 79) (0,0)) 
((48, 80) (63, 95) (0,0)) 
((64, 80) (79, 95) (0,0)) 
((80, 80) (95, 95) (0,0)) 
((96, 80) (111, 95) (0,0)) 
((48, 96) (63, 111) (0,0)) 
((64, 96) (79, 111) (0,0)) 
((80, 96) (95, 111) (0,0)) 
((96, 96) (111, 111) (0,0)) 
